MSE:
 R: 22.430611249481114    G: 28.47258198422582    B: 26.352316313823163
 Y: 24.744571398920716   Cb: 2.5671461187214613   Cr: 2.7487619344126193
PSNR:
 R: 34.62239252302345    G: 33.586535087312576    B: 33.92261566059403
 Y: 34.19600425076594   Cb: 44.03629771998411   Cr: 43.739432329007755
