MSE:
 R: 3.4563971110832394    G: 4.33517548810569    B: 4.712038546761988
 Y: 2.7015474100087795   Cb: 1.817080563568711   Cr: 1.4678236966428362
PSNR:
 R: 42.74456727395404    G: 41.7607367843899    B: 41.39871526334716
 Y: 43.81467767403012   Cb: 45.53706177897968   Cr: 46.46406466168866
