MSE:
 R: 23.61529933481153    G: 26.829142136248947    B: 25.762158804189923
 Y: 23.90941585748146   Cb: 2.334524810765349   Cr: 2.43268216224482
PSNR:
 R: 34.39886906037428    G: 33.84473574571284    B: 34.02098107868659
 Y: 34.34511395081346   Cb: 44.4488186699979   Cr: 44.269949902026866
